365  3018.05  3877.17
2409  4268.39  3655.32
657  2545.15  3595.85
2774  3117.11  5931.99
1533  2855.52  3945.14
876  3065.29  5994.93
2993  2920.18  2969.75
438  1733.92  3052.43
2190  3544.01  6099.09
438  2490.91  2846.32
292  107.46  206.05
219  4573.84  8303.22
3796  1223.56  1095.12
3285  3993.92  4723.11
1387  4559.06  7571.75
4672  4898.51  5072.97
3212  4223.13  3950.94
2920  1075.36  1567.42
1460  3818.47  4938.26
146  3419.84  3419.84
2336  3428.77  6449.1
2847  679.49  964.28
365  4951.7  8509.6
2628  1621.73  1645.44
1022  3947.34  4529.8
2847  2865.32  5582
4234  4332.71  4488.65
3139  4328.12  5810.63
3869  3702.73  3814.64
1241  1378.33  1431.91
146  2616.68  3211.17
1752  1127.83  1991.15
1533  2428.12  2255.42
3796  1889.45  2998.09
4599  2585.16  3688.44
1460  4536.14  7295.02
4234  234.97  291.09
3066  2892.28  4853.41
4015  4645.35  7254.02
4964  235.16  265.3
4161  846.55  1029.41
2190  4097.16  3715.1
2555  945.71  1420.25
4453  3669.54  4866.92
3723  1501.36  2188.69
438  2557.8  4933.54
3139  889.06  910.15
1898  202.4  372.82
4745  2843.51  5630.64
3212  947.75  1095.74
1241  1011.73  1454.69
511  2977.51  4077.62
1241  727.47  879.74
4964  1505.75  2771.14
2701  606.3  1114.4
584  1871.02  2995.27
4745  965.67  1307.57
438  3413.84  5779.1
1314  3200.87  2734.75
2190  1809.3  1918.07
365  2939.04  5515.78
2847  3538.64  4019.63
2774  1887.22  2331.7
3650  2624.15  4202
73  2492.41  2149.33
4307  3991.01  7789.22
219  3387.53  3609.21
4745  4024.62  7594.23
2628  3470.96  5238.53
2993  1202.33  1232.69
1533  691.66  1117.77
3869  4799.26  7252.11
4891  4225.18  3540.56
3577  2647.71  3076.87
2628  1696.71  2231.25
1533  1822.15  3116.77
2263  348.66  282.69
3139  4383.12  5409.42
1606  2725.59  2884.26
1460  2170.18  3512.92
3285  4156.28  6817.64
1679  4604.2  3885.67
1314  3521.74  3558
1387  4865.4  5519.74
4234  1087.15  1712.96
1095  3215.91  4379.95
4526  2720.7  2439.67
2701  3217.35  5263.02
1825  4486.42  3608.58
2336  4937.11  7184.68
3869  1792.72  3524.75
4380  1106.59  1045.45
4818  950.02  1003.95
365  3421.05  5297.3
4307  4948.1  5430.14
2117  2784.52  2310.05
1314  403.54  655.95
1460  1689.23  2046.2
2847  2564.93  2315.61
2774  1663.95  3309.94