9478
5338
6574
6679
9209
3655
3090
9421
8716
8362
7751
8143
4492
2941
1304
2148
5512
9060
8497
8895
8233
6007
1556
5531
8144
1945
572
3378
1747
4597
4166
1225
6288
7092
4257
1849
7099
7347
1270
5815
2062
9022
311
6554
8315
1615
5055
3827
675
3552
9074
5260
5911
631
792
4055
8928
7716
3785
8666
4303
8252
4954
1395
2509
3155
4847
6209
777
7014
4623
9799
7325
7529
4467
8940
2584
8294
5968
2488
7369
1228
8399
4352
8372
8806
3280
6089
8944
307
4755
9599
8559
6061
7421
9216
2194
9982
9993
9208
4605
6145
6534
2134
612
5474
4719
5258
7794
3559
8979
9023
1959
3331
7395
7117
2963
9836
3270
4591
5661
8182
7004
3008
1955
6220
1554
8289
2566
762
2894
8711
7296
1380
5675
9123
2451
933
6917
6011
9913
2292
7970
9596
6040
1439
2560
5876
7501
5830
6820
9514
364
3824
8874
2319
6397
428
608
8963
1190
9854
4026
4839
1235
6053
314
38
6986
3583
6049
3251
371
2848
1916
1811
5408
4144
5664
7590
964
5178
7955
1141
4052
6626
7538
832
3587
2853
8374
3441
6879
3213
1028
2932
3527
1067
6270
3463
7116
9522
9339
3840
2370
7607
5651
4130
1751
1315
1720
2716
2845
9675
3857
3249
2654
7747
4081
6241
600
2455
9682
3831
2021
7063
3115
1900
8130
9385
5363
1598
5259
4702
1790
7629
2309
7441
8111
413
5108
9832
3129
4305
5859
3338
7554
8513
1085
7987
4754
8037
6795
789
1868
8816
4204
4983
716
8686
720
2432
284
5980
3486
2075
9961
5796
5868
8073
2561
7329
7905
5690
1634
116
5380
5541
8630
6465
3528
9736
854
6675
6877
2722
5491
1081
4057
9767
4777
4992
6404
757
8478
4831
719
626
7051
8792
3187
4380
3049
5229
2367
3165
609
4260
1795
3426
4140
7884
4280
816
4761
3354
6307
2195
7411
5219
1962
2189
6563
4718
2946
1394
9549
3665
2020
6601
8809
1560
7333
1858
3141
9700
5024
103
3960
3171
9881
4453
1055
4162
5269
2169
3868
7928
4364
1280
3148
2678
9821
9711
7397
9119
1105
6946
9137
3547
7946
7390
7233
6157
6883
3285
1181
7246
704
6868
1699
1760
7382
3320
3929
1250
1248
4645
8882
4396
7323
460
4720
4175
7917
1667
3312
3747
1566
1258
7489
8799
7415
4373
2085
4948
1359
5683
5653
4579
3734
3765
1961
3406
4046
9564
4654
8691
4798
5403
6014
5863
735
381
132
8754
3693
3880
6672
1303
1369
1824
5071
2094
261
19
9806
5944
2024
4385
6030
2141
2699
9436
6187
8615
442
4878
9765
5845
893
5971
1708
7980
6352
8193
3086
45
2073
9758
7701
9794
1582
2772
1889
1843
9143
8047
4139
7520
6521
9661
1483
5957
5849
6450
2752
727
6216
8597
7972
2187
6658
2304
4892
4851
5390
1289
6924
1501
8990
3070
3083
1762
1311
1279
7258
9358
5418
4778
1940
4439
5978
4249
288
2429
7001
7368
4997
5599
1692
3536
2257
3997
8428
7108
5739
9718
384
7240
8708
3454
6676
6823
4766
476
9725
8859
8619
1665
9650
4598
2267
6291
3379
5620
3659
8376
7571
1703
1912
6180
2052
341
9640
7792
6411
24
1384
5119
9831
8060
949
2375
1425
2093
7586
110
3589
2377
9880
726
4350
9891
9102
1921
1594
1014
8102
3647
7707
7742
7791
470
4119
9175
5590
302
3588
236
1251
5955
2612
9028
4400
6550
1777
4511
139
9124
3240
9850
6262
8952
5864
7857
6319
3966
7856
378
1999
849
8531
1174
2791
8833
1114
3027
6436
3422
1991
1817
7822
8542
3594
2333
5033
9071
1926
5053
8921
9516
7667
4226
5524
545
5698
9732
7275
111
1731
8124
8642
9258
915
3828
372
3943
6616
146
2286
8433
7969
828
8380
6654
2214
7451
4932
3619
6372
4449
1286
6950
6181
6811
7495
8232
2895
4771
8343
4627
9247
3337
3885
163
7165
458
3782
756
2744
2215
5077
9925
6947
8083
2139
4398
3016
2110
7123
3817
3396
4073
6350
6559
7921
4582
9455
9044
2925
4082
8291
6263
4319
4806
9780
1616
3562
8388
713
2130
3465
6990
9077
7901
5481
9828
7269
7591
3303
1086
987
3728
7436
7547
1649
8371
7002
7045
7648
1689
263
1755
2847
44
9387
4464
9958
7776
5177
2088
7593
8519
7518
5494
4000
3698
9115
7943
201
8930
7081
3990
2829
5083
8713
2128
6361
2977
1726
6665
3021
7481
2979
8890
9010
1420
6483
5290
8330
7881
8988
7445
5824
2341
3999
1106
9422
4341
3936
4505
3054
119
2986
5767
3739
8744
5465
6172
8117
6579
3653
7449
5469
9015
8869
8305
6544
511
6635
5851
432
8192
4431
4060
5124
7996
4824
8178
8115
7810
298
1854
7317
9042
3672
3490
7160
251
3495
4609
2511
9830
6730
5407
3365
6185
2544
149
9138
736
3198
1054
6057
7546
5878
588
5662
40
886
7358
6280
7540
848
9792
4343
4401
2569
3206
583
9299
8614
7276
2664
1151
9820
9165
289
6908
98
9840
7963
6156
7386
193
6744
3048
6586
3982
3269
3944
262
7161
1144
55
1305
1839
808
3874
1398
7744
3173
12
5020
1163
1193
1355
7804
8101
7805
7644
2416
313
1383
8962
7057
5548
7391
5844
7654
1214
3340
4061
8871
1531
4869
2746
2929
2613
2271
9293
3986
4461
456
5179
2168
4613
9632
6325
2049
6639
3640
1011
48
4424
2911
7440
4828
8755
1446
6042
2095
5507
4914
9978
6728
4012
2908
9342
6283
2201
9680
7096
4859
5616
3623
4491
1942
2232
2892
4933
2225
3903
4981
6649
6814
2421
7829
3867
3872
368
5726
5138
347
9150
3255
8149
1785
1808
7170
9040
850
7145
3531
2792
9378
6424
7725
1603
9059
4604
9846
1480
2433
1767
1700
2657
2136
3778
7795
2483
6233
3297
2090
4382
250
8563
3965
7603
4815
918
7487
296
8251
6942
9207
6788
4929
7993
4908
2981
650
7044
6759
5879
2993
8095
3727
3178
4571
2291
1992
6246
4663
9263
3733
4975
9559
348
3012
4163
7291
6461
9722
431
1390
7715
5339
4371
8735
7482
4614
475
3963
8935
555
3494
3507
9198
6989
1851
5444
8004
5530
7026
2344
1189
9521
5157
7263
6305
6547
4979
7270
9697
6732
4752
5565
7698
1580
9528
6634
2135
9374
6493
7685
8344
5811
5011
52
2837
890
8748
6763
3905
7641
3068
452
8972
1065
4074
8669
7797
586
1847
3110
6467
8481
1597
5841
1326
9282
8557
6023
2412
5630
1834
3775
5682
1023
4665
4430
7753
1429
4687
5394
4497
1491
1914
5740
7095
6327
1559
206
2794
6392
1803
4987
7719
7438
9897
94
6202
5527
1928
9977
7561
9303
995
7056
8776
3030
8802
9625
4521
1540
6438
5262
3533
7941
9162
91
1907
8247
2074
9626
5685
1971
6072
1887
3850
8000
1864
7763
7303
2859
6106
711
1635
5488
9513
1261
9
9035
9153
6447
649
404
6333
8590
5919
2776
5677
7826
3804
6708
6075
9876
4947
6277
4228
3164
4041
147
8594
4011
5636
8107
1624
1997
4797
4143
7533
1130
2733
3452
258
4762
7630
1282
8866
1434
4342
4941
1310
5642
1218
5538
1611
3421
1759
2015
1544
6475
9520
5744
9969
6893
465
4183
4375
9550
3987
4634
4313
1618
2268
3179
9404
6610
4472
715
8604
2605
7410
7302
6027
8592
5413
4394
6488
869
6009
7608
7191
4502
7656
9545
8877
7206
3511
1519
1503
5779
1050
907
8742
5522
7974
7346
7565
580
1109
1219
2959
2984
3705
2541
8496
4575
4902
6104
1766
3913
606
3458
9484
2980
3343
9347
852
1198
1479
1902
2106
6573
3777
6432
3919
7694
3364
8913
2675
7433
1897
6381
6745
956
1229
2849
5142
9808
4848
4953
5644
7828
8296
1343
5032
9495
2822
3287
7953
9395
7064
737
9667
1110
4102
1047
23
8272
9510
1160
6818
2389
570
5892
3884
740
8837
2374
4921
3485
3718
9332
6540
9592
7285
2288
4118
8477
9354
493
7958
4187
8765
7469
5347
6486
4287
7737
6532
7973
7435
3624
6810
6162
4897
6647
1203
795
3265
1412
7640
3367
4274
2469
4768
3261
9885
8609
4888
6346
3429
671
7216
5045
9942
4128
9610
1145
6460
8293
9726
8449
9867
2723
2540
8941
7491
9320
2202
7377
9921
811
101
4809
3509
3530
6230
4180
7098
7627
8013
477
3921
8494
6439
1419
5174
9712
1032
5322
4513
1103
5189
7236
9995
1080
9315
2684
5588
3496
4910
397
3357
4792
1890
1903
880
5159
2299
1704
333
8363
2736
2007
2876
3839
3548
6464
3834
4030
7544
9501
6715
8705
5089
3615
5487
9920
8407
4818
3810
5425
2066
9017
2463
4176
4956
4167
862
3319
3256
9221
6195
3447
2770
9011
7282
3152
6556
3135
5261
8225
2782
64
9055
9988
1234
9217
6638
3011
1283
5656
5668
99
6184
624
618
3398
2620
6490
7322
1742
5502
4894
8410
4091
8668
248
1604
5084
1593
2671
8521
8231
9804
239
1351
9903
1975
6874
6174
748
8794
5113
4422
6888
6967
5378
1783
1729
5822
9249
8105
842
9497
9709
2279
8801
4950
3674
5886
632
2477
1983
6086
5253
2960
1428
8934
3708
4047
4483
1015
9861
9096
2035
847
7201
2878
6696
6911
1509
4565
6459
5523
6803
3443
1706
9281
1779
4534
7104
2314
7376
7164
8889
1423
1647
8704
8790
7861
7887
9896
5088
9126
4197
8351
635
2399
2917
3446
6890
1705
5021
124
6240
7228
4906
839
4393
3795
8851
7405
3901
1644
150
3006
3084
9276
3556
1436
6264
705
9710
229
6777
2952
2562
8483
4325
2686
1075
7788
9915
5981
8627
660
6129
7242
3052
4980
999
3306
486
2643
3456
3492
5727
9084
7048
7163
5348
3003
4220
1411
9585
998
2147
5833
5041
1185
3260
1100
5593
7809
8112
1722
1403
1165
3055
2402
823
3541
1397
3385
3476
9715
6786
640
1416
6141
1212
9179
8562
9894
4225
4395
1287
5411
7655
469
2863
4630
976
1323
6033
8493
730
4787
623
6299
4009
9660
6652
6936
7865
2961
6427
7175
495
8651
1182
7316
1515
783
1946
8843
8459
4331
3688
9189
9118
9356
9813
1654
5655
3822
8021
969
1804
8536
1117
3272
1316
6677
2865
4843
3525
1516
6025
841
9383
3161
9140
4578
1620
3471
8266
809
2590
3974
622
596
796
8263
4003
2159
3823
9628
5647
5139
6306
8512
6334
8712
672
2116
1873
9812
6695
3493
9636
1313
654
2226
5288
9174
1269
8425
6543
6373
3783
5270
196
9764
917
1688
6070
5782
4374
5901
8515
9090
3678
1156
8726
7304
6632
9440
6478
4253
4217
268
7112
6641
6013
2382
3190
5777
9652
1230
8199
5434
5604
301
5043
7284
6354
8820
963
7511
2307
5674
1202
5291
5114
7680
9544
7949
5422
2796
942
484
9917
4830
8066
8569
5066
8299
554
7119
7869
5283
1017
176
957
2219
5467
2423
6252
1363
553
3138
7255
7847
926
8785
4684
7195
9968
2750
5312
2936
2773
234
6206
4191
4885
3112
5612
8357
981
895
7509
8205
2976
628
550
691
5087
7455
3829
2342
5302
1107
1128
6338
8303
1096
9089
9967
8214
6590
2406
9702
4370
9796
683
1617
4544
9822
370
4564
7825
8393
4233
9480
1713
2170
4156
9161
7611
4123
5826
4584
5306
5578
6923
7434
122
3098
3995
9901
3977
1791
8155
3304
2376
9157
441
3313
9602
3769
7437
5500
5947
8114
4340
230
2882
8460
9112
5928
8583
9535
2578
8463
9865
255
4372
793
8983
8359
9951
9425
868
9616
5379
989
7053
879
3288
5167
171
1749
243
2914
4177
2524
1497
2739
8411
427
4628
7916
9000
5062
6793
3711
1365
6218
4580
7950
8035
8829
5210
9554
401
1733
4855
446
7899
7769
975
6775
5619
3714
1539
6046
6167
315
9079
5168
5377
8879
6742
4795
9811
7723
2745
8085
5758
7927
3295
8328
9321
3572
2923
2868
489
4406
5637
9569
9574
8146
7756
1831
5687
9054
3614
8701
5607
82
8260
4852
5133
7414
1552
4409
9791
9731
3475
4198
3044
2734
6842
8673
6171
7658
2615
9785
2712
8222
8079
5854
5908
7406
7059
7393
1172
8611
8154
7806
4237
5305
678
1781
8221
9416
1885
8020
559
2030
3174
7365
4742
7749
7536
3603
7704
4943
662
1449
6115
5626
9604
274
6733
3841
7908
2038
4938
4842
9511
9587
8216
3639
5990
6813
732
914
4957
8269
870
9013
463
2031
9862
6419
8657
6595
260
4985
1254
7367
4334
1936
5056
7732
1046
1138
1778
8405
2203
6399
9275
1217
2315
1680
699
3374
8099
4711
8626
4955
7475
6482
8729
3912
9415
8489
8968
3740
2574
6366
8145
9635
8375
896
8910
3212
2422
7624
2117
3139
3424
614
7431
5695
7633
153
5110
2474
5473
5202
5048
1840
1220
9985
6068
1330
5540
445
104
9517
7060
5900
1592
3032
1083
1697
5061
387
3744
9046
540
5206
1520
408
2921
7853
6841
4141
4190
2909
89
1424
591
696
5147
5282
2948
3091
8314
7318
5943
1465
2224
7356
1852
5969
6402
2392
1175
7923
4757
1584
7196
2611
1337
3153
4038
1427
4577
4629
9151
5325
8556
4433
8274
2747
5592
2174
5042
3409
4399
5153
4005
1543
9428
8763
9479
6624
7726
4256
7962
7231
5741
1809
2924
2798
7312
4601
7706
1745
2875
9353
844
4820
1528
8229
4637
9843
8999
3848
542
9219
6374
3041
6982
158
273
1629
5899
8434
4553
5049
5746
5506
2755
8382
8335
3202
6340
573
7783
1563
7626
7618
1354
7827
6925
6790
7239
9121
4221
5631
6457
5850
1530
4891
6755
2931
637
2262
5686
4480
644
499
9167
198
6839
9740
4333
5459
8312
9429
9009
6139
3942
2287
7760
3392
1922
7605
1274
4361
4206
3802
6623
6244
8282
6743
169
3542
1197
9166
4823
5118
8846
4587
2958
8054
8327
5660
1492
8183
2996
779
6281
2967
3875
3731
9488
7458
3625
342
9204
4822
9509
4027
1381
4814
5497
5753
1797
9538
2158
6203
2240
6837
8215
6217
4681
4588
752
6328
2610
6903
2693
2743
5569
6318
4773
7492
2595
5152
5226
3761
8157
9515
7695
8025
9570
8857
5895
4158
8576
4447
7494
7702
5605
6583
9253
3532
6127
8323
6481
2107
528
959
6816
529
9946
1039
1636
4874
5486
5482
3189
1087
8995
3635
2261
8248
3519
4560
1345
5998
9669
2238
9169
2502
4346
8773
830
6199
8529
8475
1301
9701
6787
5343
2113
6430
7460
6315
2060
9834
3405
5832
670
9426
8071
9839
2417
8613
8345
7510
8128
4959
2955
6260
9244
2656
9399
939
1121
2080
8581
8395
8764
641
8230
399
4062
5389
9825
8485
1581
8106
7254
194
9417
6854
6927
1334
2662
642
2462
8258
1862
9197
772
2918
5705
8689
1682
6919
2753
7334
4494
5819
7381
2621
6798
2632
7513
77
7363
4608
9826
997
611
8040
6546
8334
9464
3440
7023
7498
295
6603
9237
7450
9800
2246
2499
9045
8210
9122
9489
9905
9211
100
4297
2631
7926
4924
6302
6653
3931
1518
83
5708
3764
4559
923
4636
2401
4650
2850
1891
908
8413
5205
523
9827
7837
8450
3844
8518
1523
429
7142
9393
512
9202
2526
8671
3307
7043
6594
5387
8152
5989
6248
2669
2827
7539
2683
5415
4808
6835
4318
8855
6948
5254
1632
9001
6758
3670
1511
6617
2434
4769
232
7107
7110
6128
9647
3667
2330
6151
9082
3784
4474
6971
913
3329
4935
9257
1694
768
1848
8543
7389
9786
6774
2619
6976
6421
4632
643
8751
6078
6897
920
6321
4243
7234
1053
8163
3842
5988
6418
9451
4034
4696
219
5882
3239
6125
9623
2903
471
9677
3799
6098
3163
1201
3225
4450
9546
5462
3132
3227
3326
5567
2777
5954
7444
9348
8188
7035
7812
1385
4635
6268
8419
5783
5582
9620
6081
8807
4071
7300
4705
2597
9114
4189
2176
5443
7516
4095
8190
293
49
1986
9642
8238
5374
1467
2852
3389
5472
8176
6052
1255
3758
2025
7337
8917
2448
3622
6455
7221
1898
7668
6440
1973
7718
8427
7967
2308
9435
4710
1818
8639
4112
6276
1856
5367
6386
233
9056
5304
2681
8926
4078
7651
4750
4770
5319
7543
3096
3037
2322
2475
6407
4293
1842
859
96
2306
3487
8304
4025
9873
8537
3082
1529
7570
6808
1648
8684
9898
1021
971
4008
9651
5706
2126
8465
2771
5676
1587
9163
6062
5046
6918
3632
4526
78
1633
9562
6329
932
7350
6678
4171
2264
2055
4322
9494
9139
8775
4816
6799
6714
3979
4324
8679
5720
6738
3725
8991
4603
9069
2003
4165
5398
9288
3514
9100
3271
9807
9225
1679
481
385
7525
9621
4317
2653
4437
7468
9367
8046
4882
1605
2727
4901
3608
3245
9248
5752
6792
9655
5376
2951
8880
7055
3433
9266
9406
9935
195
7403
2953
7351
8156
6782
5475
3988
8387
8203
8348
1448
5542
7596
7646
4214
3022
3692
3094
6429
3477
1010
9235
8647
4595
2403
3900
7097
1252
6727
9242
5825
4484
525
2730
6378
4473
3641
5214
7855
7047
2366
674
7366
1786
6456
6121
3553
6776
6939
4213
3666
4402
6390
4949
5238
6915
4031
7741
7673
1880
9041
5534
8870
326
7971
7848
3134
4092
3535
6687
6826
5081
492
2601
7824
1793
4739
2177
5808
2480
7802
1787
8082
6844
2356
4222
9034
2193
5976
2637
5208
3505
2689
3407
9533
6008
2762
1327
199
3854
3504
2360
9706
162
3358
7178
4109
5887
4683
1273
3228
5881
3442
2217
1744
5002
5722
785
8409
7013
318
4417
1645
968
9981
2668
7559
5905
7024
2161
7682
3197
7587
537
331
4995
5333
7069
3742
9020
210
7017
4871
1512
5563
2430
4059
9057
9964
6292
1586
2234
2266
7759
3613
4250
729
7992
6101
3118
687
7871
7989
8551
3434
420
8844
902
3546
9327
4512
7914
6831
1619
4298
2302
5027
3420
634
1099
599
1321
4940
9872
5109
5360
2482
3953
1408
7935
6161
7262
5549
5198
3555
3821
4712
8119
8498
9499
276
7249
627
910
4700
7578
2231
2519
8455
5132
4231
7289
5437
6846
8698
3372
9384
4909
934
4867
8464
9579
9990
2874
8077
3819
8725
7420
2121
3283
4199
5802
2655
3628
9944
5417
3232
4994
5141
2592
2127
1664
6994
2317
8660
5646
7354
2479
6428
4028
4725
8227
3221
1866
882
3201
7179
4970
1485
8525
9256
4283
5585
4862
1612
9338
444
61
629
4657
7773
2554
2884
4420
6899
2673
3650
1869
510
2175
8332
1431
6922
1574
2507
4527
2396
7370
8086
5939
2935
8147
2920
5983
7577
3756
3543
1102
7964
3284
4353
6934
6222
3851
9110
4554
1142
541
1477
5597
336
3596
4058
6087
6079
6349
5375
4227
9269
1358
1568
5115
5112
6364
9648
6417
6620
2045
7762
8938
4536
6779
8881
8980
4961
1681
4594
951
5952
501
7419
8572
6865
9989
2866
3264
769
5801
9113
1504
376
9024
4356
686
571
6037
6111
9571
1356
707
7697
2496
3573
7313
3266
6426
7007
2296
8511
5765
6398
3199
4666
6130
3336
4785
5508
7272
4357
9350
8853
6410
2677
1349
6335
967
8414
2769
7975
4690
5065
455
1463
9685
2949
3238
703
1052
9368
2407
9727
7888
3397
5221
9099
700
1861
9730
1776
8197
9095
6611
8841
7070
7653
3906
9909
8109
5370
5946
4960
6650
680
5409
4541
7505
8318
9577
277
6359
2830
180
1925
6791
4444
5180
1609
8905
6902
7555
2667
4205
8894
9615
3815
3472
3781
2255
9678
5463
7886
6038
4418
2922
1209
6095
8270
2005
9879
881
6282
5447
3959
4844
4509
8625
2995
480
3034
5250
6511
4849
8901
3723
6170
7039
9824
7087
7383
706
2831
5050
9838
4682
8034
6441
3274
6137
3896
8471
5038
9742
8761
5551
1433
8822
8817
5880
9534
930
5725
1525
407
3293
5466
2276
9362
7100
9887
5456
5829
8648
3968
2378
9931
9519
7717
4693
175
2411
4148
8322
3234
5594
6596
443
3696
330
5877
5330
3958
8255
1613
9829
9330
4522
2216
1447
2724
3102
2899
5513
9803
9833
188
4507
5426
6541
4799
2108
7029
3790
3194
5284
3024
4734
3898
5346
5993
6405
1001
5244
1918
804
8458
4617
2966
5176
4069
6954
5870
9062
2250
1948
3886
4607
1324
9341
5223
8502
2644
6921
9049
6091
7319
1430
7521
5778
1623
2138
1466
3753
7336
4386
2815
6090
6636
2019
4391
6875
5715
2320
7290
563
6717
3902
388
7775
6166
4242
6265
1262
1041
7731
4794
1166
3961
3862
4155
2332
8253
1030
5311
321
9490
3983
5299
4264
8368
5716
4518
8756
4688
2293
1275
8558
9972
2641
5669
1118
6836
1432
7924
7343
2529
8373
5427
7863
9410
3166
4709
4045
6113
3099
4538
801
2165
6056
9295
3076
3526
4958
3607
5075
1980
502
9365
8883
6864
974
2928
4896
1294
2992
3459
9575
9646
865
8942
3941
5509
5003
205
2636
3812
1895
2144
2397
4692
8662
3750
9637
6393
4602
7687
1915
7595
7842
3593
8887
1686
3890
8506
2029
3248
8567
6999
6476
29
2101
784
4016
4731
8084
8325
2800
3564
6074
9375
8714
3549
1002
1666
25
1157
1695
9855
4056
6992
4643
517
1723
8728
6400
9965
3772
5416
3770
457
6522
1456
9172
5054
5505
5079
6804
7200
861
3701
8279
4219
935
2947
5519
9072
7911
5252
9196
9679
9653
3182
1475
9016
2760
3474
4192
6631
8074
5479
1775
5700
2346
2987
5293
5571
7708
9312
191
2449
4686
9845
7868
1374
2710
391
1822
1264
2152
1493
5996
3818
8048
6164
8068
1036
1458
5894
5518
8664
4826
6117
3736
2398
8827
9141
405
3457
4510
5805
6266
2465
533
1242
240
4173
7136
5160
2153
6940
9986
3267
2808
5736
2896
9760
6336
5658
1950
4262
2156
3395
5320
6887
9154
6094
6819
8659
8903
4181
1799
2842
3229
3167
4164
9608
7614
7331
3870
9771
5018
3169
3882
6690
56
9388
7171
5448
4107
875
8503
166
2072
4010
1591
8862
7560
1821
3520
3743
992
5991
5451
9261
8974
6019
8185
1333
7711
1500
5498
1721
7089
2456
6966
9719
2910
4832
9183
5610
2718
2245
7631
430
4174
530
1886
5707
9959
3278
9149
3247
5734
8062
1763
1675
7782
1026
4633
2614
9250
4966
1213
7515
7211
6712
3993
9370
7850
1256
1976
9910
7568
815
7340
5256
5402
3184
2151
5200
8354
9998
9672
8966
3865
6929
877
1341
8709
4105
400
1445
2009
6848
6384
6131
5843
4887
1331
549
7681
222
7959
1547
2122
8476
5352
2118
4203
4661
3860
4087
2458
2221
3954
2043
6437
1693
6930
7768
5923
1802
235
2357
8177
216
437
8426
1450
1454
8865
3908
27
3410
9567
3981
9260
418
7305
1244
7168
1068
6041
6112
6828
3439
1823
4893
7040
4920
450
2833
2023
4077
6561
9267
1245
9254
5000
9085
1112
8570
7147
4292
1727
9344
7689
2783
2904
9316
8948
9707
7020
2576
2785
1097
5490
8404
8695
4744
1443
3695
7666
9493
4713
6155
1709
184
745
5484
4321
2390
90
9227
5754
4496
648
2008
3813
2420
5861
1368
2334
7882
3007
3097
4184
1590
8677
6290
2660
7091
6303
8087
7940
6951
393
9948
5265
375
2972
81
2295
4788
5595
7122
190
5550
5930
6607
2897
1892
3620
6341
8195
1707
4281
2100
581
412
8828
9737
4115
1482
7556
5255
7077
8601
7267
7527
9690
9430
1140
6297
5748
5546
8239
7427
2520
9454
1059
3797
8845
2274
5182
5893
5583
2140
950
1415
3050
131
2418
8370
6197
7243
6454
2077
6697
4080
2391
6981
8914
7573
4807
5039
5127
6542
5392
4717
360
7072
7523
8789
8277
3046
439
9686
9182
5058
4952
3107
9759
9743
8030
2854
1222
4182
7765
2115
5640
6889
6278
2990
8893
9014
3436
6408
2834
410
8872
2381
1820
5489
4811
9936
9193
2790
2806
9565
6972
8965
4310
786
1771
6032
3605
7041
7380
6228
4142
5100
3773
5277
5614
7126
5213
7198
6320
4355
6356
2237
269
6645
3445
9815
5173
5504
4946
1147
543
9088
6247
4316
1524
3089
3480
6189
5821
60
8122
5618
4640
8257
7186
2873
185
5639
3631
5689
585
3253
8663
1909
3617
7730
8091
709
6886
3582
774
6413
5581
2160
3350
359
4089
4349
3156
9343
237
8171
7686
9605
4388
1514
396
5596
5296
7174
589
8534
485
3579
6066
1126
2778
6853
6867
7537
10
7774
8181
8922
9318
6224
3545
464
9309
4212
6348
8439
7670
5761
1627
9164
885
1542
3290
5419
3373
4570
11
7146
5795
7610
5015
3787
574
327
983
5224
5724
3618
9447
8574
6330
8585
2453
2856
2767
6236
7208
3341
8191
2355
7264
2489
7011
4951
9184
7758
5072
970
2695
8549
9979
2339
5400
8321
1088
4429
297
3657
3137
4944
8308
1353
5289
4647
9104
9798
6344
8148
9787
9236
7575
17
4224
1614
9506
8137
4540
9039
2860
6891
5995
2369
0
8499
3656
2697
6538
6169
4126
114
4689
8650
3719
6221
5964
9081
5099
5972
3316
8320
9063
536
9439
973
725
3565
5657
659
1376
8313
6880
4277
5961
9377
8286
4611
6606
26
1278
424
9098
3694
8908
3133
9633
1400
8707
1798
5994
9366
4307
2599
610
4937
4912
8791
666
2881
5303
9657
2435
9703
2836
4381
3680
945
6663
6797
1735
9262
7407
2550
3690
5544
8967
6234
3669
8457
151
6029
9190
183
8267
4662
5264
5564
8285
2692
2227
5082
3803
8369
1391
7493
2812
4416
8349
7157
3660
5163
2691
6177
9108
814
2248
8931
1029
1089
9086
9398
7844
2120
5743
2525
2889
874
4443
6693
4384
2839
8044
532
1888
6710
7349
3876
5501
4101
5130
7214
9871
2803
4520
8546
4076
8204
7121
2491
905
3023
9145
6085
6494
936
9962
9133
2872
9004
105
2053
8159
8830
6706
6686
7134
1260
473
4990
2353
6122
8560
3370
9663
8522
1718
961
7203
278
2559
383
9019
4982
911
9609
2577
6272
1040
4410
8310
6035
1158
2729
178
9313
4646
8474
9809
354
2604
8738
6851
8929
5345
3928
3702
8653
6933
7485
658
1125
3004
2283
8467
5733
8813
7780
6731
7223
9801
2331
8539
2154
7722
7548
4054
925
5751
5169
6757
9453
174
2738
7660
2358
215
7532
5362
5999
7448
7664
4179
7355
7457
1284
2589
9790
3544
3845
7588
2757
9482
6944
9892
4708
3180
9586
5232
7019
9844
8093
8582
8290
3036
1308
4239
5794
9641
5078
8324
4133
2022
4568
5193
6175
8752
2680
5694
1167
7912
2713
601
1814
1596
8234
1857
53
822
231
4621
6015
9433
1120
1816
3800
8064
6576
4557
8665
657
7583
6935
5817
66
1923
1246
421
2788
7939
6107
9849
490
4151
1168
6143
5096
4915
9591
7931
3359
8618
5092
4819
6748
5373
5441
5701
6869
7430
7299
4131
7114
2841
74
4137
6802
3849
5420
4338
106
6591
9277
1965
1070
8907
2028
3263
7259
3109
7387
3592
853
1674
1601
9945
5601
9191
7374
5510
2282
6581
5181
1179
6640
5158
8421
1881
2004
6661
31
5438
3057
7135
7746
9306
4215
7207
6396
3335
3748
4715
4266
7772
1599
9472
3571
5187
4493
7400
2682
3380
7609
929
8444
6110
3159
7283
102
6756
292
790
2329
3601
6822
7442
4504
4934
4721
5558
9450
491
5560
7373
1265
2289
4656
7720
617
8012
6026
88
3262
6003
6681
5404
4188
6689
9777
8599
7819
3060
2552
780
317
8793
1805
8408
1171
8245
9097
1507
1939
1977
8620
2404
422
2362
1585
6533
4465
3877
9802
4658
200
7298
3451
6602
71
4099
5171
3387
1652
4506
433
5468
4674
9748
8771
3031
5455
9745
7615
9816
4094
1714
4988
4727
4351
3223
4945
2801
7729
8396
5120
1346
7542
9390
977
9749
5247
5846
4880
5663
2978
7003
5858
117
1306
8772
6860
9525
7067
3105
9283
8680
9206
4530
5977
5762
7241
7068
220
337
8505
9245
1366
954
1551
3763
2211
355
1754
9638
520
9116
6357
9523
3722
6577
668
8451
527
4615
1894
9817
8385
3580
8643
3140
5576
8033
85
7149
5433
2719
3506
7109
3989
5883
8383
487
4268
1964
5064
5184
4556
8760
7484
4255
985
9688
7572
927
2251
1033
630
5022
9926
7257
7579
1829
7140
7432
6192
1413
4517
7010
7983
8781
1309
5763
3193
2538
5526
4786
8140
2666
2218
878
9155
3067
6920
9279
8971
6659
1792
3826
7757
2543
1113
5875
1506
4018
6273
9176
332
1018
980
3106
1159
3149
863
1296
9573
7061
7672
294
6412
5719
9973
2478
7306
3065
2063
280
9761
7452
9334
4100
1162
6711
1716
8690
2588
9224
1455
8850
5393
3654
8834
6719
2721
3351
3412
6526
9741
6978
5228
6401
4084
4616
1683
9127
7204
582
6109
3497
7637
6471
1951
4974
3534
4749
6144
9323
1372
2076
2340
3759
7082
5896
7428
1161
9006
6403
2303
6190
6767
3629
7845
1481
9286
6312
6694
1987
9507
415
2167
8200
4096
1545
6913
7876
1377
4426
5199
7181
7474
5492
5837
16
2259
9466
948
4552
3612
6500
2687
9232
6746
4833
843
8306
6059
5780
1896
5797
7823
7714
3088
9733
6592
5317
1972
3924
8249
6093
7127
2545
8326
7786
2639
515
2970
3311
6311
9444
9721
2166
2603
2814
3706
6279
3257
1780
5897
1725
5840
3859
170
1505
7592
5967
2380
3621
5688
7854
3056
2536
8953
548
6243
9500
9717
615
8364
2504
7447
2823
2886
6084
7497
1360
7636
8438
4964
3879
6375
3479
6092
447
7833
4456
3616
1191
8915
8688
4121
5014
8121
7606
7750
6045
3252
7981
4064
4865
5673
361
9668
7999
1367
7879
6648
1558
2236
4736
3361
2985
436
9413
9698
5774
129
7237
9359
5914
3069
7948
4642
2915
4286
5557
9031
4971
8730
3933
7141
8398
8652
505
664
4805
1073
6753
386
2846
2799
8403
2888
6945
6503
5156
9753
4218
1548
8302
4066
1101
8821
9284
5756
4900
7735
5890
8051
4996
4414
8108
4387
3415
2258
4581
7796
227
9630
9214
5521
187
9837
7125
1536
603
7553
1715
2071
6751
8743
6518
6952
7353
7506
1935
8911
3301
423
6969
8912
6183
2373
6987
9328
4147
4315
5591
1701
7662
8452
941
4246
6463
4245
7740
3230
9622
3186
2735
2270
1460
5332
2732
7033
9226
394
1837
6520
9503
766
5966
1988
6080
9757
8767
9310
9379
1188
58
2372
2700
5123
325
2926
7995
2438
506
6168
5613
1577
5679
2558
2070
9080
4335
8132
1535
4029
9589
2515
9851
8612
2824
5731
2040
1322
6376
8758
4169
1418
2105
1459
2665
9603
2516
7480
3104
84
7873
403
2690
6342
4986
4800
5414
8440
9899
8800
5241
5495
6134
9239
7088
7106
6741
7139
8017
712
9443
8530
2934
304
5855
204
1007
751
2410
4861
8545
6351
6452
4136
6963
1224
5240
2537
8333
3762
9676
3858
9654
7025
8927
9231
5787
2573
8198
3786
6956
238
3554
1184
3976
7344
7738
2220
9230
5635
3955
2608
4562
2567
3794
741
9581
9336
3314
7779
6898
3691
7245
2912
6608
5764
9612
1399
9919
1819
5962
739
6108
1146
3469
5627
695
1719
5745
9459
5641
1123
218
9156
8390
1470
9129
6507
9441
8486
2705
136
3715
1641
9233
3437
6614
4261
1237
8417
3741
3322
6358
1943
4146
8994
6988
2764
2097
466
3642
9947
8958
7965
75
1668
7781
109
8864
8603
4411
866
7798
605
552
1696
7321
3883
3308
3838
4448
9240
6568
6796
3881
2001
8737
4159
6012
7279
3254
3521
1302
5440
3074
3268
5165
6382
7115
6572
5813
2472
5712
8961
2606
9594
1344
1855
7359
165
1074
6034
1200
6882
7885
6709
7012
2086
3093
9335
5385
5457
1508
919
6051
2582
4153
6316
2278
6123
4063
1561
3591
6955
9251
8526
3832
8586
3911
1772
8173
4354
2326
3789
4523
2661
3154
7217
4323
8778
4445
9877
4706
1960
8860
6485
5307
2809
9818
943
5388
353
1227
3066
5934
8488
7894
7348
7922
9008
6943
5553
9752
6621
4515
5730
4001
8288
8129
2514
6024
6215
2171
3108
1575
9003
7128
2099
3749
4238
1409
7297
8753
8637
7502
2900
9645
9584
6063
3095
4193
2891
6569
9106
5867
681
4161
6553
3484
791
2054
5336
5493
3318
299
5357
9746
9199
3707
4389
8550
97
2813
692
1342
6589
924
374
9611
6301
4550
7342
8998
9449
5898
594
4716
1813
1442
1486
8719
653
5922
7604
9530
972
3431
6870
6498
8100
290
7988
5007
6153
2802
9302
4288
2648
9955
4021
6295
5461
4967
6827
7022
1111
5634
3321
6993
9474
3403
434
2252
4962
8693
2014
7841
4435
5220
6724
8202
5366
6806
8120
2111
5575
4726
4457
5234
7490
3075
6510
4320
8517
3683
3450
8
4810
6859
2930
4857
5918
2685
4033
1966
4440
5412
4475
6296
1621
6598
4278
690
1148
3833
1484
9781
3679
579
4154
1016
7954
2982
7859
7422
4545
8223
6840
6204
4172
1119
1045
6762
8246
6058
3127
7074
2494
3830
2079
4539
1474
7288
4756
4050
5386
5580
8812
1132
9050
7462
7900
6627
3408
267
6097
9751
6021
1901
1702
5951
7883
5095
2253
7473
904
7005
7649
1637
7167
6979
3077
6517
4978
8593
9363
7281
5615
5164
7062
7665
4462
2173
4691
426
5847
6643
1931
2256
5308
867
6031
8447
9856
7459
7124
3394
5798
6524
6310
2157
8031
1336
5987
1877
459
7821
8045
7613
6060
285
2172
3630
1904
4543
5236
771
2575
1534
3411
7584
2879
1602
714
5568
4659
1628
1638
4460
5399
6770
1796
2989
3384
113
4918
5154
4273
4834
781
402
3991
4821
5633
1875
6959
1335
676
884
2871
3636
4116
1489
821
2057
4813
440
5986
2883
5328
9974
1441
578
7155
7143
1307
2962
9380
5019
6531
4503
1662
825
5503
4748
7550
8186
2460
3005
5888
4963
392
9835
4737
5383
1640
2937
2740
3345
9933
4558
7247
7638
9956
8528
996
3103
9292
3846
3836
2087
9656
5812
1226
8852
2046
7454
6100
2766
2058
6251
7326
5218
3296
8500
2018
9997
952
8838
14
584
6674
2679
4514
2098
8654
7679
451
6022
4284
9431
6593
7835
2230
9043
4563
5717
9776
7172
6173
3064
5134
9938
5589
3584
6604
8749
5429
8681
1846
1012
1207
576
6213
5710
1095
438
761
2133
377
5028
8377
8575
518
9185
6458
6227
344
1874
9036
4368
5102
6657
5129
6388
8287
20
6365
2645
3101
3162
2394
7839
125
7616
731
6179
5215
5935
4489
1064
3512
3279
3151
3355
2208
9728
2284
4853
8016
9414
145
3712
8092
4835
6863
755
9391
356
4796
7286
9194
9627
6560
8136
4652
6555
2452
1979
1656
7785
4860
4812
7413
2146
3537
2587
7166
221
9027
8808
4697
266
9557
5985
4032
8055
7944
5931
8041
7558
9750
2583
9531
773
7998
4836
7808
5885
1794
1317
7456
6201
5709
800
4145
6998
1295
5667
9101
8632
2821
2676
3994
6406
7661
9091
3125
2905
5789
9960
1876
5217
4753
5873
1853
1257
8835
1471
7526
2145
1867
1267
7066
1124
3275
6499
765
8634
6286
8009
9823
3015
5909
1405
7691
6466
3363
9875
322
9181
2602
8720
4863
6477
1176
5359
8867
3146
1678
9125
7860
416
8340
2954
7199
5684
7522
4701
8954
5432
7803
1178
6158
7232
6760
67
4279
5975
5678
1579
5997
4302
3491
1832
1546
1462
6480
6363
8641
2571
6832
4730
8113
5313
826
6508
6557
1478
2424
4019
9173
6734
5128
50
7699
876
1496
6723
7663
1954
2129
6707
2384
1557
8658
7677
3646
2709
4905
7755
5839
883
7189
3590
3550
3375
3700
5350
5349
5067
4670
4241
138
872
6625
3814
6502
5697
7483
9714
1468
5566
5331
845
2
1438
2204
556
4524
6253
1672
6154
9147
7488
7622
6214
9860
4275
4729
1005
3170
3342
7913
607
6761
1186
7878
5924
663
7054
557
1300
80
8818
9337
9814
6239
338
3793
127
4890
7238
4789
2002
202
8168
8507
5907
1740
646
7727
4441
4619
2517
9331
8209
4120
6005
1812
6752
7032
8588
7650
3586
7862
2343
2476
2078
1642
1589
2437
5670
3160
7371
3513
6977
9930
3291
5150
303
6284
8923
7956
5016
7037
5831
1216
6850
3224
2000
5340
2775
8050
7152
7733
5910
2471
6975
2642
128
7767
669
5025
6126
7818
5237
1098
4185
35
5552
9424
5315
4542
819
3121
9297
9397
5784
7273
1154
6495
8162
9940
6881
1231
5773
3774
6901
2994
6105
6118
2706
212
1056
7920
743
9087
4132
1738
1084
688
4369
3427
4476
9201
5757
6773
2312
6829
7408
1883
8469
1058
8098
28
8158
7937
2178
4590
186
7015
6873
775
6896
6140
8379
9866
2044
8461
754
3051
1211
8067
6501
6684
2210
7897
6830
8355
5209
4573
2205
6618
7372
3717
5520
6571
8700
5517
9319
7982
6069
4232
3964
6637
9916
5464
5842
3092
5356
3864
7324
3286
2470
3634
6766
2209
2200
4879
173
5874
6941
228
9548
417
1320
760
6698
2807
3985
9389
544
4746
4337
8832
9775
1517
3508
3128
661
4529
244
42
5965
5279
2485
3058
5949
9695
8682
7799
3992
2026
7058
994
3529
9171
9561
8480
9083
9980
2617
4549
2083
9146
1643
7524
9888
4014
2629
9769
9537
8061
8757
7193
5680
9789
2012
8278
3191
3080
8848
1825
7589
1134
979
2347
6317
5579
9508
8710
4471
5945
9583
3930
3560
3515
7177
9481
2756
1426
5341
9788
7930
2408
2017
9580
3510
7212
1223
7635
1626
5703
1034
8429
7250
6422
2361
4976
4763
2149
6721
3400
4648
6212
5298
9475
9456
2207
3087
7183
9643
4365
3039
1263
4856
8984
6002
7703
7951
770
652
2137
9329
6513
467
966
6462
1076
312
4013
8687
3892
2652
9934
2213
8039
4487
7838
4207
4451
6434
9037
6368
1687
9144
5818
9966
8342
2032
4968
3176
4801
3735
8187
9693
4667
9029
8352
7997
4926
8645
9895
5650
5030
1048
6845
